0,539
103,71
103,70
0,537
103,69
0,389
103,68
0,536
0,535
0,430
0,529
0,519
0,518
0,399
0,480
103,67
0,513
0,319
0,318
0,317
103,66
0,316
0,315
0,479
103,65
0,314
0,405
103,64
0,313
103,9
103,6
103,3
36,6
36,1
36,3
0,312
0,311
0,310
0,472
44,4
45,7
45,5
45,4
45,1
45,3
84,4
84,1
84,3
43,4
14,10
0,273
0,270
0,544
24,1
24,3
14,9
3,2
3,1
3,3
10,188
10,150
10,20
10,152
10,102
10,112
10,226
11,29
11,14
11,20
11,17
11,12
8,14
8,16
8,8
8,4
8,9
8,7
8,6
20,2
20,1
20,3
19,2
19,1
19,3
259,590
259,589
259,588
259,587
259,586
259,585
259,584
259,583
259,582
259,581
259,580
259,579
259,578
259,577
259,576
259,575
259,574
259,573
259,572
259,571
259,570
259,569
259,568
259,567
259,566
259,565
259,564
259,563
259,562
259,561
259,560
259,559
259,558
259,557
259,556
259,555
259,554
259,553
259,552
259,551
259,550
259,549
259,548
259,547
259,546
259,545
259,544
259,543
259,542
259,541
259,540
259,539
259,538
259,537
259,536
259,1
223,5
223,4
223,3
223,2
223,1
217,3
217,1
